============== BHHH ===============

Size = 8
Data size = 36
[ 299.07 11710 1678.69 -34312.8 -2478.1 -368.586 -56.6751 -289.654 ;
11710 1.29278e+06 199476 -2.63484e+06 -267829 -17047.5 -449.048 -7711.08 ;
1678.69 199476 32709.3 -408980 -44109.2 -2446.27 -54.2925 -921.929 ;
-34312.8 -2.63484e+06 -408980 7.4942e+06 632089 52955.7 -850.797 -9552.02 ;
-2478.1 -267829 -44109.2 632089 94637.4 3787.62 -47.8716 -529.024 ;
-368.586 -17047.5 -2446.27 52955.7 3787.62 660.421 -20.7917 -135.617 ;
-56.6751 -449.048 -54.2925 -850.797 -47.8716 -20.7917 68.136 367.497 ;
-289.654 -7711.08 -921.929 -9552.02 -529.024 -135.617 367.497 7073.93 ;
]

============== Hessian ===============

Size = 8
Data size = 36
[ 308.068 9779.54 1304.84 -34382.5 -2066.41 -384.241 -53.9266 -255.824 ;
9779.54 712676 106625 -1.98502e+06 -164198 -13985.1 -420.356 -3431.45 ;
1304.84 106625 16922.8 -287254 -24945.8 -1883.62 -47.055 -367.589 ;
-34382.5 -1.98502e+06 -287254 6.93868e+06 445740 53226.2 -1107.1 -6824.99 ;
-2066.41 -164198 -24945.8 445740 55360.7 3234.85 -59.1815 -344.494 ;
-384.241 -13985.1 -1883.62 53226.2 3234.85 701.035 -33.0497 -153.143 ;
-53.9266 -420.356 -47.055 -1107.1 -59.1815 -33.0497 75.2043 351.274 ;
-255.824 -3431.45 -367.589 -6824.99 -344.494 -153.143 351.274 2919.32 ;
]

