============== BHHH ===============

Size = 8
Data size = 36
[ 299.19 11686.9 1675.94 -34271.3 -2474.03 -452.155 -56.6498 -289.836 ;
11686.9 1.28975e+06 199089 -2.62944e+06 -266984 -39088.5 -449.016 -7739.35 ;
1675.94 199089 32659.9 -408408 -43984.6 -6205.2 -54.3128 -925.943 ;
-34271.3 -2.62944e+06 -408408 7.48475e+06 630716 107406 -851.02 -9472.42 ;
-2474.03 -266984 -43984.6 630716 94322.3 9106.26 -47.6129 -517.888 ;
-452.155 -39088.5 -6205.2 107406 9106.26 1975.37 -5.74825 -107.446 ;
-56.6498 -449.016 -54.3128 -851.02 -47.6129 -5.74825 68.0887 367.351 ;
-289.836 -7739.35 -925.943 -9472.42 -517.888 -107.446 367.351 7073.47 ;
]

============== Hessian ===============

Size = 8
Data size = 36
[ 308.14 9790.14 1306.6 -34406.8 -2070.08 -445.181 -53.9276 -255.98 ;
9790.14 714894 106993 -1.98953e+06 -164828 -28966.6 -420.922 -3434.14 ;
1306.6 106993 16985 -288007 -25051.7 -4247.95 -47.11 -367.802 ;
-34406.8 -1.98953e+06 -288007 6.94827e+06 447100 96502.4 -1104.67 -6803.69 ;
-2070.08 -164828 -25051.7 447100 55576.1 6201.97 -59.0675 -343.565 ;
-445.181 -28966.6 -4247.95 96502.4 6201.97 1739.03 -4.99505 -43.7566 ;
-53.9276 -420.922 -47.11 -1104.67 -59.0675 -4.99505 75.2116 351.229 ;
-255.98 -3434.14 -367.802 -6803.69 -343.565 -43.7566 351.229 2916.6 ;
]

