============== BHHH ===============

Size = 7
Data size = 28
[ 299.249 11688.3 1675.89 -34266 -2476.36 -56.6509 -289.773 ;
11688.3 1.29144e+06 199283 -2.62979e+06 -268071 -448.928 -7731.07 ;
1675.89 199283 32678.8 -408357 -44124.9 -54.3014 -924.877 ;
-34266 -2.62979e+06 -408357 7.48055e+06 631697 -850.457 -9496.65 ;
-2476.36 -268071 -44124.9 631697 94883.3 -47.6369 -520.346 ;
-56.6509 -448.928 -54.3014 -850.457 -47.6369 68.0828 367.331 ;
-289.773 -7731.07 -924.877 -9496.65 -520.346 367.331 7073.38 ;
]

============== Hessian ===============

Size = 7
Data size = 28
[ 308.162 9796.5 1307.79 -34411.9 -2072.6 -53.9428 -256.092 ;
9796.5 715847 107171 -1.99143e+06 -165070 -421.124 -3435.99 ;
1307.79 107171 17018.5 -288365 -25096 -47.1318 -367.996 ;
-34411.9 -1.99143e+06 -288365 6.9502e+06 447733 -1102.93 -6790.76 ;
-2072.6 -165070 -25096 447733 55653.9 -59.0198 -343.131 ;
-53.9428 -421.124 -47.1318 -1102.93 -59.0198 75.2115 351.227 ;
-256.092 -3435.99 -367.996 -6790.76 -343.131 351.227 2916.49 ;
]

