============== BHHH ===============

Size = 5
Data size = 15
[ 343.189 -27906.5 -1691.33 -56.6056 -296 ;
-27906.5 4.35835e+06 254440 -1321.31 -16664.8 ;
-1691.33 254440 84065.1 -80.109 -1082.44 ;
-56.6056 -1321.31 -80.109 68.3212 367.589 ;
-296 -16664.8 -1082.44 367.589 7071.23 ;
]

============== Hessian ===============

Size = 5
Data size = 15
[ 341.958 -30359.7 -1047.8 -46.7876 -228.103 ;
-30359.7 4.85497e+06 151787 -2003.13 -12712.4 ;
-1047.8 151787 23450 -113.754 -716.325 ;
-46.7876 -2003.13 -113.754 75.2477 352.437 ;
-228.103 -12712.4 -716.325 352.437 2955.43 ;
]

